255 255 255 255 255 255 255 255 255 255 255 255 255 255 255 255
255 255 255 255 255 255 255 255 255 255 255 255  51  51 255 255
255 255 255 255 255 255 255 255 255 255 255  51 205  51 255 255
255 255 255 255 255 255 255 255 255 255 255  51 255  51 255 255
255 255 255 255 255 255 255 255 255 255 255  51 255  51 255 255
255 255 255 255 255 255 255 255 255 255 255  51  51  51 252 255
255 255 255 255 255 255 255 255 255 255 255  51 255  51  51 255
255 211  51  51 255 255 255 255 255 255 255 255 255 255 255 255
255 255  51  51 255 255 255 255 255 255 255 255 255 255 255 255
255  51  51 237 255 255 255 255 255 255 255 255 255 255 255 255
255 248 248 248 255 255 255 255 255 255 255  51  51  51  51 255
255  51  51  51 255 255 255 255 255  51 204  51  51  51  51 255
255  92 255  51 255 255 255 255 255  51  51  51  52  51  51 255
255  51  51  51 255 255 255 255 255 255  51  51 199  51  51 255
255 255 255  51 255 255 255 255 255 255  51  51  51  51 255 255
255 255 255 255 255 255 255 255 255 255 255 255 255 255 255 255
255 255 255 255 255 255 255 255 255 255 255 255 255 255 255 255
255 255 255 255 255 255 255 255 255 255 255 255 192 192 255 255
255 255 255 255 255 255 255 255 255 255 255 192 239 192 255 255
255 255 255 255 255 255 255 255 255 255 255 192 255 192 255 255
255 255 255 255 255 255 255 255 255 255 255 192 255 192 255 255
255 255 255 255 255 255 255 255 255 255 255 192 192 192 254 255
255 255 255 255 255 255 255 255 255 255 255 192 255 192 192 255
255 241 192 192 255 255 255 255 255 255 255 255 255 255 255 255
255 255 192 192 255 255 255 255 255 255 255 255 255 255 255 255
255 192 192 249 255 255 255 255 255 255 255 255 255 255 255 255
255 253 253 253 255 255 255 255 255 255 255 192 192 192 192 255
255 192 192 192 255 255 255 255 255 192 239 192 192 192 192 255
255 205 255 192 255 255 255 255 255 192 192 192 192 192 192 255
255 192 192 192 255 255 255 255 255 255 192 192 237 192 192 255
255 255 255 192 255 255 255 255 255 255 192 192 192 192 255 255
255 255 255 255 255 255 255 255 255 255 255 255 255 255 255 255
255 255 255 255 255 255 255 255 255 255 255 255 255 255 255 255
255 255 255 255 255 255 255 255 255 255 255 255 248 248 255 255
255 255 255 255 255 255 255 255 255 255 255 248 253 248 255 255
255 255 255 255 255 255 255 255 255 255 255 248 255 248 255 255
255 255 255 255 255 255 255 255 255 255 255 248 255 248 255 255
255 255 255 255 255 255 255 255 255 255 255 248 248 248 255 255
255 255 255 255 255 255 255 255 255 255 255 248 255 248 248 255
255 253 248 248 255 255 255 255 255 255 255 255 255 255 255 255
255 255 248 248 255 255 255 255 255 255 255 255 255 255 255 255
255 248 248 254 255 255 255 255 255 255 255 255 255 255 255 255
255 255 255 255 255 255 255 255 255 255 255 248 248 248 248 255
255 248 248 248 255 255 255 255 255 248 253 248 248 248 248 255
255 249 255 248 255 255 255 255 255 248 248 248 248 248 248 255
255 248 248 248 255 255 255 255 255 255 248 248 253 248 248 255
255 255 255 248 255 255 255 255 255 255 248 248 248 248 255 255
255 255 255 255 255 255 255 255 255 255 255 255 255 255 255 255

255 255 255 254 251 247 245 251 254 235 193 188 201 228 249 255
249 229 216 198 172 143 145 219 251 198  89  77  73  89 167 247
216 126 115 119 108 101 161 232 253 205  89  70  73  65  82 214
202  86  87 117 120 117 194 245 254 215 111  80  79  63  62 182
236 187 167 148 122  99 132 219 254 219 115  74  72  54  63 196
255 253 247 235 219 203 199 236 255 237 153  75  73  67 126 236
255 255 255 255 255 254 252 254 255 250 210 158 164 180 222 253
255 255 255 255 255 255 255 255 255 254 247 237 240 247 254 255
255 255 255 255 255 255 255 255 255 255 255 255 255 255 255 255
255 255 255 255 255 255 255 255 255 255 255 255 255 255 255 255
255 255 255 255 255 255 255 255 255 255 255 255 255 255 255 255
255 255 255 255 255 255 254 248 247 247 248 250 248 246 245 250
255 255 255 255 255 255 244 204 190 192 201 220 216 199 199 215
255 255 255 255 255 255 238 168 142 134 147 189 188 161 180 183
255 255 255 255 255 255 243 189 167 146 144 167 173 170 202 194
255 255 255 255 255 255 254 248 246 244 242 243 243 245 249 248
255 255 255 255 254 252 251 253 255 248 234 233 238 246 253 255
253 247 242 237 229 219 220 244 254 237 203 199 198 203 227 252
243 214 211 212 209 206 225 247 254 239 203 197 198 196 201 242
239 202 203 211 212 212 236 251 255 242 210 200 200 195 195 232
249 234 227 221 213 206 216 243 255 244 211 198 197 193 195 237
255 255 253 249 243 238 237 248 255 249 223 199 198 196 214 249
255 255 255 255 255 255 254 255 255 253 240 224 226 231 244 254
255 255 255 255 255 255 255 255 255 255 252 249 250 252 255 255
255 255 255 255 255 255 255 255 255 255 255 255 255 255 255 255
255 255 255 255 255 255 255 255 255 255 255 255 255 255 255 255
255 255 255 255 255 255 255 255 255 255 255 255 255 255 255 255
255 255 255 255 255 255 254 253 252 252 253 253 253 252 252 253
255 255 255 255 255 255 251 238 234 235 237 243 242 236 237 242
255 255 255 255 255 255 249 227 219 216 221 234 233 225 231 233
255 255 255 255 255 255 251 233 227 220 220 227 229 228 238 236
255 255 255 255 255 255 255 252 252 251 251 251 252 252 253 253
255 255 255 255 255 255 254 254 255 253 252 252 252 253 254 255
255 254 253 252 251 250 250 253 255 253 248 248 248 249 251 254
253 250 249 250 249 249 251 254 255 253 249 248 248 248 248 253
253 248 248 249 249 249 252 254 255 253 249 248 248 248 248 252
254 251 251 250 249 248 250 253 255 253 249 248 248 248 248 252
255 255 255 254 253 252 252 254 255 254 250 248 248 248 250 255
255 255 255 255 255 255 255 255 255 254 252 251 251 252 253 255
255 255 255 255 255 255 255 255 255 255 254 254 254 255 255 255
255 255 255 255 255 255 255 255 255 255 255 255 255 255 255 255
255 255 255 255 255 255 255 255 255 255 255 255 255 255 255 255
255 255 255 255 255 255 255 255 255 255 255 255 255 255 255 255
255 255 255 255 255 255 255 255 255 255 255 255 255 255 255 255
255 255 255 255 255 255 254 252 252 252 252 253 253 252 252 253
255 255 255 255 255 255 253 251 250 249 250 252 252 250 251 252
255 255 255 255 255 255 254 251 251 250 250 251 251 251 252 252
255 255 255 255 255 255 255 255 255 255 255 255 255 255 255 255

254 243 208 177 192 233 252 255 255 255 255 248 212 183 194 249
246 161  80  61  62 126 222 253 255 255 255 244 196 179 200 250
222  86  65  62  54  69 181 247 255 255 255 244 197 161 170 247
195  73  74  79  72  75 166 240 255 255 255 247 215 188 172 245
184  76  70  79  73  76 160 237 255 255 255 249 219 188 165 246
190  91  93 114 118 157 212 247 255 255 255 246 198 146 144 245
234 199 206 216 220 237 250 254 255 255 255 245 189 134 147 247
253 250 253 254 253 254 255 255 255 255 255 245 187 142 167 248
249 217 231 244 216 235 253 255 255 255 255 247 202 169 190 250
241 142 161 191 127 199 252 255 255 255 255 253 244 240 245 254
244 140 101 114  98 205 254 255 255 255 255 255 255 255 255 255
249 168 110 118 123 220 255 255 255 255 255 255 255 255 255 255
253 193 120 114 150 235 255 255 255 255 255 255 255 255 255 255
254 212 114  85 170 247 255 255 255 255 255 255 255 255 255 255
254 226 124  86 191 253 255 255 255 255 255 255 255 255 255 255
255 248 218 206 238 255 255 255 255 255 255 255 255 255 255 255
254 251 240 230 235 248 254 255 255 255 255 252 241 232 236 253
251 225 200 195 195 214 244 254 255 255 255 251 236 230 237 253
244 202 195 194 192 196 231 252 255 255 255 251 236 225 227 252
236 197 198 200 197 198 226 250 255 255 255 252 242 233 228 252
231 199 197 199 197 199 224 249 255 255 255 252 242 233 226 252
233 203 204 210 211 224 241 252 255 255 255 252 236 220 219 251
248 237 239 242 244 249 253 254 255 255 255 252 234 216 220 252
254 253 254 254 254 254 255 255 255 255 255 251 233 218 226 252
253 242 247 251 242 248 254 255 255 255 255 252 237 227 233 252
250 219 225 234 214 236 253 255 255 255 255 254 251 249 251 254
251 218 206 210 205 239 255 255 255 255 255 255 255 255 255 255
253 227 209 212 212 243 255 255 255 255 255 255 255 255 255 255
254 235 212 210 221 248 255 255 255 255 255 255 255 255 255 255
254 241 210 202 227 252 255 255 255 255 255 255 255 255 255 255
254 245 213 202 234 254 255 255 255 255 255 255 255 255 255 255
255 253 243 239 250 255 255 255 255 255 255 255 255 255 255 255
255 254 252 251 252 254 254 255 255 255 255 254 253 252 252 254
254 250 248 248 248 249 253 255 255 255 255 254 252 251 252 254
253 249 248 248 248 248 252 254 255 255 255 254 252 250 250 254
251 248 248 248 248 248 251 254 255 255 255 254 252 251 251 254
251 248 248 248 248 248 250 253 255 255 255 254 253 252 250 254
251 248 248 249 249 250 252 254 255 255 255 254 252 250 249 254
253 252 252 252 253 254 254 255 255 255 255 254 251 249 250 254
255 255 255 255 255 255 255 255 255 255 255 254 251 249 250 254
254 253 253 253 253 253 255 255 255 255 255 254 251 250 251 254
253 250 250 251 249 252 255 255 255 255 255 254 253 253 254 255
254 250 249 249 248 252 255 255 255 255 255 255 255 255 255 255
254 250 249 249 249 253 255 255 255 255 255 255 255 255 255 255
254 252 249 249 250 254 255 255 255 255 255 255 255 255 255 255
254 252 249 248 251 254 255 255 255 255 255 255 255 255 255 255
254 253 250 248 251 255 255 255 255 255 255 255 255 255 255 255
255 254 253 252 253 255 255 255 255 255 255 255 255 255 255 255

248 249 245 243 243 242 244 246 248 254 255 255 255 255 255 255
194 202 170 173 167 144 146 167 189 243 255 255 255 255 255 255
183 180 161 188 189 147 134 142 168 238 255 255 255 255 255 255
215 199 199 216 220 201 192 190 204 244 255 255 255 255 255 255
250 245 246 248 250 248 247 247 248 254 255 255 255 255 255 255
255 255 255 255 255 255 255 255 255 255 255 255 255 255 255 255
255 255 255 255 255 255 255 255 255 255 255 255 255 255 255 255
255 255 255 255 255 255 255 255 255 255 255 255 255 255 255 255
255 254 247 240 237 247 254 255 255 255 255 255 255 255 255 255
253 222 180 164 158 210 250 255 254 252 254 255 255 255 255 255
236 126  67  73  75 153 237 255 236 199 203 219 235 247 253 255
196  63  54  72  74 115 219 254 219 132  99 122 148 167 187 236
182  62  63  79  80 111 215 254 245 194 117 120 117  87  86 202
214  82  65  73  70  89 205 253 232 161 101 108 119 115 126 216
247 167  89  73  77  89 198 251 219 145 143 172 198 216 229 249
255 249 228 201 188 193 235 254 251 245 247 251 254 255 255 255
253 253 252 252 251 251 251 252 252 255 255 255 255 255 255 255
236 238 228 229 227 220 220 227 233 251 255 255 255 255 255 255
233 231 225 233 234 221 216 219 227 249 255 255 255 255 255 255
242 237 236 242 243 237 235 234 238 251 255 255 255 255 255 255
253 252 252 253 253 253 252 252 253 254 255 255 255 255 255 255
255 255 255 255 255 255 255 255 255 255 255 255 255 255 255 255
255 255 255 255 255 255 255 255 255 255 255 255 255 255 255 255
255 255 255 255 255 255 255 255 255 255 255 255 255 255 255 255
255 255 252 250 249 252 255 255 255 255 255 255 255 255 255 255
254 244 231 226 224 240 253 255 255 254 255 255 255 255 255 255
249 214 196 198 199 223 249 255 248 237 238 243 249 253 255 255
237 195 193 197 198 211 244 255 243 216 206 213 221 227 234 249
232 195 195 200 200 210 242 255 251 236 212 212 211 203 202 239
242 201 196 198 197 203 239 254 247 225 206 209 212 211 214 243
252 227 203 198 199 203 237 254 244 220 219 229 237 242 247 253
255 253 246 238 233 234 248 255 253 251 252 254 255 255 255 255
255 255 255 255 255 255 255 255 255 255 255 255 255 255 255 255
252 252 251 251 251 250 250 251 251 254 255 255 255 255 255 255
252 251 250 252 252 250 249 250 251 253 255 255 255 255 255 255
253 252 252 253 253 252 252 252 252 254 255 255 255 255 255 255
255 255 255 255 255 255 255 255 255 255 255 255 255 255 255 255
255 255 255 255 255 255 255 255 255 255 255 255 255 255 255 255
255 255 255 255 255 255 255 255 255 255 255 255 255 255 255 255
255 255 255 255 255 255 255 255 255 255 255 255 255 255 255 255
255 255 255 254 254 254 255 255 255 255 255 255 255 255 255 255
255 253 252 251 251 252 254 255 255 255 255 255 255 255 255 255
255 250 248 248 248 250 254 255 254 252 252 253 254 255 255 255
252 248 248 248 248 249 253 255 253 250 248 249 250 251 251 254
252 248 248 248 248 249 253 255 254 252 249 249 249 248 248 253
253 248 248 248 248 249 253 255 254 251 249 249 250 249 250 253
254 251 249 248 248 248 253 255 253 250 250 251 252 253 254 255
255 254 253 252 252 252 253 255 254 254 255 255 255 255 255 255
